117
al_16036121         0.0000000 0.9085251 1.0097903 5.1288505 4.7374808 0.1951192 0.1774448 5.1765619 0.0157947 5.1684175 0.8046939 0.2022209 1.0159114 5.5311466 0.1854259 0.3690657 0.9459941 0.3589384 0.4228356 0.9698891 5.3432240 1.0080674 1.6030405 5.0276236 0.8903069 1.0269523 1.0294256 0.0315239 5.0944321 0.2432389 5.1148059 0.0428141 5.0585571 1.0294256 0.2432389 1.0257375 0.8853837 0.1803175 0.3531348 0.3043223 1.0595007 1.1880841 6.0124710 0.2161964 0.0375718 1.0175253 0.1918798 0.8867838 4.9198504 4.6828999 0.9774301 6.5174454 0.3188503 5.2454196 1.1279866 5.3749996 0.3386785 1.1054104 5.2300985 1.1155701 1.0903719 5.8765841 5.7603931 0.3162105 0.3186348 5.6310957 0.3256710 1.1208685 4.9810967 1.0233241 0.8265459 1.0131136 1.0639270 0.9794883 0.3316992 0.3072619 1.5110799 0.8626843 0.3410779 0.3690776 5.0219425 1.0433194 0.9220080 0.3770340 0.3852348 5.3317884 0.3484648 1.0462803 5.1811297 1.1282222 5.4467547 0.3319342 1.1939124 1.2554775 4.7850388 0.3437816 1.0732841 0.4040842 5.4741865 0.3768399 1.1740887 1.6116336 1.0896095 4.7740585 0.3505706 0.3508613 4.7927628 5.3592486 0.3755435 1.1935997 0.3465832 5.2158452 0.3882106 1.1882108 0.3270488 1.1033624 0.3436183 
al_16049055         0.9085251 0.0000000 1.1301836 5.9130097 5.6832825 0.9302191 0.8708663 6.3300905 0.9212850 6.3158267 0.1590822 0.9332469 1.1618362 6.1689116 0.8738943 0.8587272 1.2470834 0.7981813 0.9418983 1.2084536 5.8924250 1.3171939 1.7219876 6.3387506 0.4757499 1.0694308 1.0981377 0.8816136 6.2961957 0.8798674 6.2121064 0.8869793 6.2879211 1.0981377 0.8798674 1.0860390 0.4642528 0.8748485 1.0309947 0.9783655 1.2609100 1.3297277 6.0344675 0.9519791 0.9094395 1.1413300 0.8811986 0.1967230 6.2280649 5.8879702 1.2747217 8.4072618 1.1111331 5.6794991 1.4027282 5.6585680 0.9182450 1.3887750 5.9598121 1.1759289 1.3968957 6.0601717 6.0468385 0.8559571 1.0869180 6.1673851 1.0969409 1.2127795 5.9700121 1.2761286 1.7153176 1.7298102 1.7155991 1.2201160 0.9597905 0.9061989 1.5685691 1.1736992 0.8507269 0.8385519 5.1216818 1.3174568 1.2640208 0.9457450 1.0342587 5.7553583 1.1131204 1.2636883 5.4776739 1.4003634 5.5803982 0.8623379 1.4651171 1.4274500 5.5498106 0.7831699 1.2602680 0.8848277 5.4491838 0.8457997 1.4290173 1.6127685 1.4680615 5.4653928 0.7860921 0.8448021 5.4284941 5.3188367 0.8640869 1.4604545 0.8832644 5.6225519 0.7689468 1.3701257 0.8420115 1.2761384 0.7894054 
al_16039165         1.0097903 1.1301836 0.0000000 6.0339537 6.4006193 1.1255877 0.9060115 6.5510490 0.9813346 6.5064752 1.0639087 1.1142902 0.0162467 6.3971287 0.9079995 0.7794592 1.3926824 0.8352511 0.7007345 1.2722334 5.8002901 0.5592094 1.5947526 6.4983981 1.2417589 0.0438993 0.0438118 0.9588747 6.9425085 0.9216490 6.6250756 0.9469542 6.8530265 0.0438118 0.9216490 0.0382547 1.2225710 0.9428696 1.0637128 1.0286579 0.6084395 1.2865358 6.1269595 1.0341599 0.9575393 0.0160564 0.9351588 1.1125110 5.6439393 5.4699654 1.1232847 8.3672893 0.8726827 6.2748340 0.4968327 5.8292634 0.9002711 0.4695992 6.7059158 1.2552699 0.4546845 7.0635546 7.2124543 0.9427766 0.9161017 7.2453769 0.8920128 1.1627869 6.7994196 1.3987174 1.7443695 1.6341288 1.6830547 0.6003817 1.0334529 1.0014852 1.8392092 1.2959826 0.7740178 0.8258496 5.3692611 0.6178340 1.3817319 0.9562450 0.8677671 6.7775103 0.8610143 1.1158889 6.0514451 0.4626510 5.0665425 0.8358816 0.5952401 1.2093527 5.4832084 0.8217776 1.4877857 0.8403645 5.4940279 0.8546638 0.5604437 1.5644382 1.4609029 5.4477048 0.7536190 0.8076058 5.4797809 5.1640231 0.8683284 0.5726040 0.8673749 5.3006845 0.8031341 1.3087993 0.8364250 1.5466635 0.8634274 
al_16054918         5.1288505 5.9130097 6.0339537 0.0000000 0.5542742 4.8481281 5.0304842 0.5940610 5.0266646 0.5882622 6.0229703 4.7924116 5.8077514 0.1269170 4.9588255 4.8455253 5.1047077 5.3266180 5.1073717 5.2191009 1.1804623 4.6676667 6.2097667 0.6724021 5.9347147 5.9163771 5.9397443 4.8457687 0.6672917 5.0737958 0.6244214 4.8795515 0.6680151 5.9397443 5.0737958 5.9250000 5.8794465 5.5096260 5.6641584 5.5203092 5.9930706 5.3119039 1.1054707 5.2710553 5.1412512 6.0713450 4.9200860 6.1992791 0.7620543 0.7382822 4.6297805 2.2947733 5.8922809 0.8758977 5.6453073 1.1471264 6.0788775 5.7940369 0.8680416 4.4583572 5.7933918 1.1886583 0.9330932 5.3313028 5.8820445 0.9332764 5.7756437 4.6324021 1.0419960 5.2340597 6.2053935 7.1285294 7.8642058 5.3999985 5.7106061 4.9532302 6.1747951 6.6781687 5.0994777 5.3113073 1.0797899 5.0846601 5.2447788 5.2019576 5.9204418 0.9852463 6.0252445 5.0545559 1.1559761 5.4278208 1.0940931 4.9297995 4.7368020 5.8399552 1.0382703 5.3252696 4.8509162 5.1535360 1.1879479 4.9677122 4.7833880 6.5208779 5.9408553 1.0804432 5.2693509 4.7810967 1.0761408 1.0639954 5.3076862 4.7663031 4.9047230 1.1044993 5.3740781 6.9693751 4.9792320 5.2934192 5.3898190 
al_16047927         4.7374808 5.6832825 6.4006193 0.5542742 0.0000000 5.1309953 4.8774528 0.0944898 4.6106490 0.1009034 5.9669701 5.0583047 6.2402993 0.6778030 4.8724050 5.2308089 5.3137299 5.4086691 5.4385202 6.0428663 0.6264135 4.8990056 7.8920884 0.1154315 5.5956156 6.4607757 6.4697865 4.4886747 0.1268084 5.3198495 0.1131448 4.5173901 0.1065695 6.4697865 5.3198495 6.4540237 5.4673116 5.1695120 5.2662713 5.1773198 6.0258887 6.0698373 0.5948482 5.4061821 4.7238369 6.4942596 4.8314312 5.5112606 0.1843816 0.2313465 5.0311331 1.5833305 5.5650999 0.4755729 5.9793196 0.5953470 5.7233443 5.6979447 0.3867747 5.1849321 5.7264736 0.6661793 0.4241149 4.6100707 5.4811660 0.4214145 5.3818899 5.0847243 0.4876864 5.2822447 5.9360963 6.9578653 7.5387039 5.7987746 5.2907253 4.8847042 6.4866902 6.5559436 5.5034451 5.4644596 0.5853871 5.6858026 6.3555868 5.1060346 5.7882192 0.4807098 5.6175497 5.4620003 0.6088460 5.6475176 0.6977328 4.8123481 5.4045219 6.2563834 0.5151279 5.2938108 5.3723241 5.6945995 0.6358538 5.3960992 5.4561041 7.1449279 5.6757602 0.5404065 5.5956874 4.6442513 0.5397120 0.6132760 5.7387714 5.3796033 5.0335972 0.5735051 5.3652343 6.6249826 4.8570937 5.1740466 5.4208222 
al_16045305         0.1951192 0.9302191 1.1255877 4.8481281 5.1309953 0.0000000 0.1581192 5.6031966 0.2024117 5.5910344 0.8350515 0.0159748 1.1325713 5.2208779 0.1660158 0.4432022 1.0346430 0.4458148 0.5558672 1.0379107 5.5668236 1.0177569 1.6423894 5.2834860 0.9173603 1.1280185 1.1306287 0.2337793 5.5628199 0.1408747 5.5635902 0.2428069 5.5224377 1.1306287 0.1408747 1.1266333 0.9025603 0.1640911 0.3230656 0.3353309 1.0670943 1.1627478 5.8187821 0.0744233 0.2421253 1.1176857 0.1724701 0.9198471 5.7528193 5.4694348 0.9480274 6.2265397 0.3884973 5.2147375 1.2021627 5.9561139 0.4017601 1.1309996 5.4327138 1.0127086 1.1292056 6.2643587 5.6106543 0.3665788 0.3869412 5.7109104 0.3944416 0.9730336 5.0409914 1.0108059 0.9003080 1.0244793 1.1002303 0.9834117 0.3620239 0.3600995 1.5303450 0.9505693 0.4036626 0.4497615 5.5009445 1.0099473 0.9767800 0.4903667 0.4107087 5.1479737 0.4198603 0.9490290 5.0763568 1.1421615 5.6337456 0.4391418 1.1777261 1.4356240 5.1721466 0.4169959 1.1530740 0.4489087 5.6011009 0.4224277 1.1497837 1.6756377 1.3247272 5.1539519 0.4590046 0.4432038 5.1807126 5.5413504 0.4328796 1.1743078 0.4698306 5.3166186 0.4559379 1.3077618 0.4348618 1.1783813 0.4123887 
al_16054537         0.1774448 0.8708663 0.9060115 5.0304842 4.8774528 0.1581192 0.0000000 5.2376551 0.1691357 5.2291630 0.7613173 0.1642066 0.9117169 5.4153343 0.0106345 0.3620161 0.8944597 0.3452448 0.4910053 0.9246482 5.8145214 0.9433269 1.6180917 5.1311607 0.8484586 0.9224887 0.9249897 0.1934266 5.1687751 0.1411202 5.1893614 0.1923074 5.1320470 0.9249897 0.1411202 0.9213774 0.8436884 0.0562263 0.3223151 0.2993512 0.9659738 1.1218229 6.0793414 0.1375506 0.1997940 0.9207368 0.0105514 0.8590925 5.1219150 4.9113384 0.9204296 7.0049713 0.3238301 5.4069884 1.0475856 5.3973363 0.3476325 0.9938590 5.3922410 1.0096094 0.9795867 5.9083781 5.7306979 0.2949113 0.3232250 5.5143886 0.3304900 0.9469957 5.0296650 0.9091767 0.8181463 0.9632079 0.9859195 0.9206105 0.2980232 0.2881348 1.5161209 0.8967388 0.3481650 0.3552927 5.5246516 0.9440007 0.8298168 0.4474312 0.3937923 5.4508226 0.3541048 0.9460177 5.2690839 1.0163324 5.8320035 0.3759525 1.1161457 1.2871212 5.1565674 0.3397864 0.9880200 0.3901240 5.6840777 0.4019757 1.0893764 1.5490803 1.1416592 5.1440685 0.3842750 0.3890927 5.1652174 5.6083949 0.3696508 1.1125531 0.4229608 5.4148996 0.3747104 1.1688769 0.3718605 0.9884143 0.3306415 
al_16043284         5.1765619 6.3300905 6.5510490 0.5940610 0.0944898 5.6031966 5.2376551 0.0000000 5.0348534 0.0112676 6.5399975 5.5237256 6.3889775 0.7260013 5.1697631 5.1952557 5.6091215 5.5393965 5.6406405 6.2357077 0.5865853 5.2267898 8.7040562 0.0551006 6.0154436 6.6105514 6.6196016 4.9018718 0.0467699 5.5401007 0.0664632 4.9328675 0.0590399 6.6196016 5.5401007 6.6037182 5.9774892 5.4943068 5.6250287 5.4666127 6.0808758 6.4210409 0.5570400 5.7632246 5.1586005 6.6437059 5.1877036 6.1352601 0.1179823 0.2475047 5.3606328 1.4976958 5.8571474 0.4423072 6.3408537 0.5186665 6.0830907 6.0459045 0.3688902 5.3332576 6.0729513 0.6094562 0.3994493 4.8988671 5.8598305 0.4113825 5.7523043 5.3454249 0.4390937 5.5992984 6.6197129 7.8068418 8.8958648 5.9132736 5.5625597 5.2851274 6.8006690 7.2002361 5.5472711 5.5783964 0.5339643 5.9645413 6.6026580 5.4782232 6.2553719 0.4519137 5.9173219 5.7114109 0.5866028 5.7825565 0.6743913 4.9323193 5.7049664 6.8114952 0.4755385 5.4189207 5.3993652 5.7401956 0.6532005 5.4388539 5.7587298 7.7197009 5.7121098 0.5001247 5.4592352 4.8920515 0.4996539 0.6118378 5.8951957 5.7493149 5.1589147 0.5237783 5.6278555 7.2010419 4.9269737 5.3981560 5.5506487 
at_AT3G63310        0.0157947 0.9212850 0.9813346 5.0266646 4.6106490 0.2024117 0.1691357 5.0348534 0.0000000 5.0272650 0.7831495 0.2095592 0.9873026 5.4204929 0.1769887 0.3474718 0.9531746 0.3380384 0.3984680 0.9633551 5.2115684 1.0010888 1.6012832 4.8900722 0.8658157 0.9981911 1.0006544 0.0373519 4.9546037 0.2442032 4.9747484 0.0371029 4.9199747 1.0006544 0.2442032 0.9970118 0.8609481 0.1720898 0.3539895 0.2953311 1.0758552 1.1723970 5.9028360 0.2170343 0.0318931 0.9889080 0.1833662 0.8643211 4.9761166 4.7347443 0.9799173 6.6236659 0.3091312 5.3088942 1.1455727 5.5064493 0.3394933 1.1225989 5.2930598 1.1181506 1.1073526 6.0234522 5.8344059 0.3060159 0.3090524 5.4712994 0.3160668 1.1234427 4.8475904 0.9991041 0.8186822 0.9928523 1.0506917 0.9946846 0.3223987 0.3078909 1.4962178 0.8785023 0.3304180 0.3478730 4.8996753 1.0361538 0.9063796 0.3670647 0.3862844 5.3944816 0.3386385 1.0488310 5.2808297 1.1456708 5.3031011 0.3114635 1.1533594 1.2428159 4.6713467 0.3228203 1.0716704 0.3925551 5.3291831 0.3656504 1.1339804 1.6083790 1.0880470 4.6607351 0.3468126 0.3296119 4.6788765 5.2632185 0.3644582 1.1528885 0.3263949 5.0892628 0.3662456 1.1593943 0.3066068 1.1076502 0.3230100 
at_AT5G47120        5.1684175 6.3158267 6.5064752 0.5882622 0.1009034 5.5910344 5.2291630 0.0112676 5.0272650 0.0000000 6.5147509 5.5119206 6.3445349 0.7269729 5.1615062 5.1850568 5.4665415 5.5275703 5.6283263 6.2224649 0.5803368 5.0766855 8.3170924 0.0612572 6.0011078 6.5663321 6.5753943 4.8947380 0.0541814 5.5281563 0.0725672 4.9256330 0.0668092 6.5753943 5.5281563 6.5595042 5.9634191 5.4826265 5.6065548 5.4552354 5.8710328 6.3797686 0.5650526 5.7524302 5.1505723 6.5996720 5.1794083 6.1130368 0.1244540 0.2470163 5.3497350 1.5326880 5.8434910 0.4537131 6.1118137 0.5203434 6.0606942 5.8329646 0.3639638 5.3225671 5.8602380 0.6118889 0.4101448 4.9538539 5.8463059 0.4122558 5.7392882 5.3346637 0.4399892 5.5558707 6.4108907 7.7702610 8.4286636 5.7134041 5.5424562 5.2689498 6.5860383 7.1712978 5.5352438 5.5661994 0.5276911 5.7666597 6.5788056 5.4667746 6.2315117 0.4633366 5.8945784 5.6908486 0.5885678 5.5890710 0.6678826 4.9233661 5.5240001 6.8038099 0.4691982 5.4078012 5.2656461 5.7269853 0.6470409 5.4274883 5.5749901 7.4345847 5.5635465 0.4937892 5.4477070 4.8833426 0.4933483 0.6060223 5.8811572 5.5662156 5.1417873 0.5175109 5.6157153 7.1938958 4.9180391 5.2036057 5.5388739 
at_AT4G14730        0.8046939 0.1590822 1.0639087 6.0229703 5.9669701 0.8350515 0.7613173 6.5399975 0.7831495 6.5147509 0.0000000 0.8377003 1.0943873 6.2085892 0.7644077 0.8032443 1.1680131 0.7991285 0.8644280 1.1421426 5.9793776 1.2701853 1.5476167 6.8593382 0.3251008 1.0369113 1.0649601 0.7551107 6.5202436 0.7905177 6.6035313 0.7598071 6.5009012 1.0649601 0.7905177 1.0531200 0.3128138 0.7665048 0.8795836 0.8081391 1.2822847 1.3452478 5.9859884 0.8036981 0.7798325 1.0746493 0.7629812 0.1227188 6.0844923 5.8264228 1.1821344 8.9086363 0.9091166 6.1814859 1.4240756 5.8731093 0.8076444 1.3568418 6.2436087 1.0915509 1.3649261 6.6911033 6.5796206 0.7540300 0.8847574 6.4132411 0.8938201 1.1438022 5.9345790 1.3431179 1.5135043 1.6878445 1.6048382 1.2407759 0.7907955 0.7579857 1.3626200 1.0501855 0.8062965 0.8088425 5.2168027 1.3150407 1.1372194 0.8614463 0.8543827 6.3273346 0.9112384 1.1413222 5.9814362 1.3573398 5.8518298 0.7990006 1.4271597 1.2489284 5.2460930 0.7851017 1.2979284 0.8117672 5.7223092 0.8009068 1.3915851 1.4302038 1.4076463 5.1689184 0.8047454 0.7816838 5.1352351 5.6631942 0.8184066 1.4247040 0.8115336 5.4223798 0.7711003 1.2129830 0.7744676 1.2169836 0.7988812 
at_AT4G02690        0.2022209 0.9332469 1.1142902 4.7924116 5.0583047 0.0159748 0.1642066 5.5237256 0.2095592 5.5119206 0.8377003 0.0000000 1.1212073 5.1616818 0.1721351 0.4447894 1.0438586 0.4371425 0.5689433 1.0640654 5.5718908 1.0036723 1.6906720 5.2088530 0.9355427 1.1166895 1.1192927 0.2411375 5.4839541 0.1396876 5.4850785 0.2502517 5.4441785 1.1192927 0.1396876 1.1153188 0.9205257 0.1701650 0.3155429 0.3381403 1.0493231 1.1896464 5.8638520 0.0926762 0.2426368 1.1064259 0.1785930 0.9227827 5.7404782 5.4577190 0.9621786 6.3208571 0.3680608 5.2193176 1.1880447 6.0360848 0.3804811 1.1164016 5.4414537 1.0448133 1.1146350 6.3443632 5.5485506 0.3551116 0.3667936 5.6472516 0.3742246 1.0042468 5.0190006 1.0436895 0.9065694 1.0269982 1.0589102 0.9647017 0.3455321 0.3535173 1.5297504 0.9587094 0.4106620 0.4409992 5.5059522 0.9998243 0.9922058 0.4978131 0.3889552 5.0938986 0.3990896 0.9798242 5.0460985 1.1286048 5.6388828 0.4421698 1.1662411 1.4111145 5.1764555 0.4241030 1.1278275 0.4504979 5.6061791 0.4239658 1.1384752 1.6753341 1.2970398 5.1582277 0.4499669 0.4626912 5.1850374 5.4817038 0.4344183 1.1627834 0.4898320 5.3053835 0.4631512 1.2849164 0.4540678 1.1348141 0.4193245 
at_AT4G15470        1.0159114 1.1618362 0.0162467 5.8077514 6.2402993 1.1325713 0.9117169 6.3889775 0.9873026 6.3445349 1.0943873 1.1212073 0.0000000 6.1651248 0.9136937 0.7844238 1.4081706 0.8404795 0.7115049 1.3054893 5.6714286 0.5453822 1.6099673 6.3378275 1.2653327 0.0500847 0.0445038 0.9647256 6.7668958 0.9274476 6.4616503 0.9527646 6.6793247 0.0445038 0.9274476 0.0443380 1.2459229 0.9487782 1.0703477 1.0349455 0.6174205 1.2966939 5.9837904 1.0405630 0.9750265 0.0217120 0.9410389 1.1213132 5.5152390 5.3509680 1.1653644 8.5666118 0.8745824 6.1202492 0.5138460 5.6942259 0.9167812 0.4931198 6.5370146 1.2998166 0.4778490 6.8837843 7.0268926 0.9485720 0.9180875 7.0579895 0.8939504 1.2055358 6.6281206 1.3985842 1.7559031 1.6551607 1.6652296 0.6017990 1.0398122 1.0077822 1.8670731 1.3103224 0.7971809 0.8310133 5.2526896 0.6130288 1.4057885 0.9621043 0.8841359 6.6101445 0.8628826 1.1579659 5.9096716 0.4860804 4.9959300 0.8410038 0.5906464 1.2292766 5.3611099 0.8269029 1.5256335 0.8457086 5.3756046 0.8601046 0.5559047 1.6011239 1.4982972 5.3274637 0.7583841 0.8125767 5.3581759 5.0518361 0.8738129 0.5680317 0.8726402 5.1877325 0.8081643 1.3296010 0.8415369 1.5854373 0.8687680 
at_AT4G17580        5.5311466 6.1689116 6.3971287 0.1269170 0.6778030 5.2208779 5.4153343 0.7260013 5.4204929 0.7269729 6.2085892 5.1616818 6.1651248 0.0000000 5.3404831 5.1537986 5.0791070 5.5676648 5.5494626 5.5248931 1.2130736 4.8433505 5.6695576 0.7988491 6.1788904 6.2945017 6.3032605 5.2213038 0.7919131 5.4550813 0.7433792 5.2790135 0.7912969 6.3032605 5.4550813 6.2880056 6.1238564 5.9269600 6.0651727 5.7625726 5.8243324 5.9260942 1.1681081 5.6891589 5.5343390 6.4348846 5.2982815 6.3683064 0.8685155 0.8288113 5.0058243 2.6591392 6.0845295 1.0452921 6.0144121 1.1846277 6.4284885 6.2258292 1.0318352 5.0401912 6.2971345 1.3241652 1.0851629 5.5216437 6.1087448 1.0833032 5.9929841 5.2320913 1.1478261 5.7418924 6.0955648 7.7033017 8.1077468 5.2826961 5.9670314 5.3131394 5.5289482 6.7946350 5.4829407 5.5453351 1.1310201 5.5142766 5.3087166 5.5075080 6.2730041 1.1407612 6.2374928 5.4062585 1.1815728 5.7768323 1.1242645 5.2332038 5.2616960 5.6916611 1.1067842 5.3977727 4.7163259 5.5487846 1.2368986 5.3763953 5.3123958 5.5864345 5.5604389 1.1347266 5.3660632 5.0925356 1.1301085 1.0940554 5.5780014 5.2920235 5.1992895 1.1596086 5.4457686 6.0128089 5.2831270 5.2879799 5.6293114 
at_AT1G03070        0.1854259 0.8738943 0.9079995 4.9588255 4.8724050 0.1660158 0.0106345 5.1697631 0.1769887 5.1615062 0.7644077 0.1721351 0.9136937 5.3404831 0.0000000 0.3660962 0.8976825 0.3321579 0.4946036 0.9265601 5.7899229 0.9451904 1.6112244 5.0958068 0.8253674 0.9244344 0.9269267 0.2016255 5.1332474 0.1393928 5.1538581 0.2004696 5.0967105 0.9269267 0.1393928 0.9233247 0.8206870 0.0686819 0.3147130 0.3088550 0.9770917 1.1065164 6.0386450 0.1448774 0.2080507 0.9226888 0.0214708 0.8620745 5.0559791 4.7855794 0.9073235 6.9479517 0.3342497 5.3692672 1.0517954 5.3394971 0.3521040 1.0050564 5.3343663 0.9959369 0.9908163 5.8462014 5.6915979 0.2877974 0.3334859 5.4769837 0.3407768 0.9754487 4.9953553 0.9319018 0.8046483 0.9625507 0.9706598 0.9199851 0.3075260 0.2808098 1.5139920 0.9120803 0.3522693 0.3419583 5.5010119 0.9458751 0.8283397 0.4510966 0.4045874 5.4141883 0.3646411 0.9301856 5.2021291 1.0081924 5.7938958 0.3713450 1.1177392 1.2820099 5.1346968 0.3439169 0.9899096 0.3940454 5.6467291 0.4058258 1.0910023 1.5655056 1.1432898 5.1222485 0.3881489 0.3930411 5.1433167 5.5706889 0.3736758 1.1141590 0.4267410 5.3788797 0.3786351 1.1868224 0.3758903 1.0285140 0.3347494 
bd_Bradi1g55650     0.3690657 0.8587272 0.7794592 4.8455253 5.2308089 0.4432022 0.3620161 5.1952557 0.3474718 5.1850568 0.8032443 0.4447894 0.7844238 5.1537986 0.3660962 0.0000000 1.0318328 0.2857850 0.2982232 0.8994619 5.6910488 0.9599678 1.4250711 5.2206850 0.8403102 0.7892790 0.7917230 0.3693284 5.2762921 0.3945332 5.2698917 0.3675723 5.2401246 0.7917230 0.3945332 0.7883537 0.8354719 0.3982420 0.4930494 0.4451630 0.9099771 1.0479599 5.7931237 0.4202431 0.3867769 0.7807439 0.3776332 0.8803488 5.0650414 5.1304891 0.8824850 7.6882103 0.5098533 5.5050566 1.0616717 5.8081555 0.5071445 1.0635434 5.5482020 0.9904589 1.0486677 6.3152122 5.8673319 0.4619346 0.5506952 5.7242052 0.5585546 0.9574231 5.0725727 0.9411526 1.0125747 1.2748179 1.2942232 0.8811054 0.4624845 0.4011070 1.3487388 0.9376557 0.1334664 0.3223238 5.3472625 0.9954536 0.8433030 0.2638148 0.5528714 5.5876123 0.5159648 0.8779569 5.5108130 1.0512690 5.4420447 0.2584322 1.1199684 1.0880189 5.1020258 0.2844285 1.0643902 0.1631633 5.6978423 0.1297827 1.1029946 1.5027563 1.0874930 5.0322457 0.2727573 0.2468110 5.0876408 5.1285110 0.1624043 1.1000842 0.2894743 5.3044048 0.2946957 1.1021747 0.2647997 1.1373666 0.2938954 
bd_Bradi1g55660     0.9459941 1.2470834 1.3926824 5.1047077 5.3137299 1.0346430 0.8944597 5.6091215 0.9531746 5.4665415 1.1680131 1.0438586 1.4081706 5.0791070 0.8976825 1.0318328 0.0000000 0.8981382 1.2029422 0.6814826 6.4251515 1.1970043 1.0648149 5.7532441 1.1925984 1.3583619 1.3421432 0.9410795 5.4840706 1.0453654 5.9620942 0.9664130 5.4033812 1.3421432 1.0453654 1.3566826 1.1685102 0.9694963 1.2042734 0.9992712 1.5527378 1.4300312 6.4170797 1.0370444 0.9406089 1.3893739 0.9087477 1.2384576 5.6390713 5.5456034 1.3063325 7.2800211 1.2314930 5.9588502 1.6904026 5.9819089 1.2681506 1.6551566 5.4036621 1.2737359 1.6644693 6.2641628 6.4222927 1.0637831 1.1932521 6.4353078 1.2043902 1.2585675 5.6672038 1.1287944 1.6798482 2.0262813 1.9555495 1.3990321 1.0801618 1.0130015 1.3460665 0.4935332 1.0664819 0.9445769 5.7488058 1.3155508 0.7290406 1.0164099 1.3087982 5.7716808 1.2020599 1.3967753 5.7122225 1.6759136 6.1443049 0.9821008 1.4838517 1.5193177 6.2260050 0.9137016 0.5400260 1.1176079 6.2217051 1.0474474 1.4497472 1.2846211 0.5712374 6.2917579 0.9478799 1.0167561 6.3282462 5.7262647 1.1026720 1.4558374 1.0258421 6.1339728 0.8917028 1.4236325 0.9826312 0.6011059 0.8845297 
bd_Bradi1g08870     0.3589384 0.7981813 0.8352511 5.3266180 5.4086691 0.4458148 0.3452448 5.5393965 0.3380384 5.5275703 0.7991285 0.4371425 0.8404795 5.5676648 0.3321579 0.2857850 0.8981382 0.0000000 0.4289914 0.8502597 6.4367536 0.8963170 1.4741292 5.4194146 0.8124623 0.8441791 0.8466216 0.3767462 5.5677391 0.3825221 5.5751946 0.3750101 5.4729633 0.8466216 0.3825221 0.8431872 0.8077597 0.3490101 0.5107379 0.4192534 0.9464159 0.9569110 6.2326388 0.4587035 0.3761264 0.8355027 0.3599612 0.8065765 5.4642084 5.2798720 0.8211719 8.0026288 0.4826410 5.5762347 1.0247748 5.6310714 0.4570885 1.0527331 5.7276269 1.0185225 1.0575553 6.3357075 6.3849735 0.4002656 0.4685372 6.2185820 0.4762090 0.9214833 5.2012445 0.8395898 1.0947382 1.2129769 1.2071453 0.8758877 0.4493536 0.4687785 1.5229201 0.9618754 0.2628256 0.0433529 6.0623705 0.9539933 0.8387230 0.3640946 0.5294856 5.9267112 0.4762092 0.8806945 5.5400344 1.0301377 6.2197462 0.2762508 1.0328113 1.2559402 5.7099267 0.0940637 0.8688338 0.3069032 6.3907134 0.2861728 1.0158986 1.5998564 1.0017096 5.6784716 0.0999797 0.3151530 5.7021659 6.0112002 0.2782082 1.0318946 0.3302352 5.6873495 0.1002778 1.2959468 0.2930391 0.9646656 0.0796943 
bd_Bradi1g05560     0.4228356 0.9418983 0.7007345 5.1073717 5.4385202 0.5558672 0.4910053 5.6406405 0.3984680 5.6283263 0.8644280 0.5689433 0.7115049 5.5494626 0.4946036 0.2982232 1.2029422 0.4289914 0.0000000 1.1314683 5.1827662 0.9800037 1.4253066 5.4906736 0.8636867 0.6965067 0.6863589 0.4194492 5.5521968 0.5355864 5.4991843 0.4174622 5.4577688 0.6863589 0.5355864 0.6957255 0.8727909 0.4954235 0.7415455 0.5386394 1.0669105 1.1301791 6.6714363 0.5560865 0.3996280 0.7102038 0.5132368 0.9630686 5.6989532 5.7417081 0.8849403 7.3451731 0.4134769 6.0230329 0.9313719 5.9556466 0.4289777 0.9360135 5.7865446 1.0171576 0.9406591 6.8289574 6.1638749 0.5858899 0.4484079 6.0100325 0.4558556 0.9867166 5.2957513 1.0282811 1.3487524 1.3995451 1.1530934 1.0164359 0.5609546 0.6132007 1.3834556 1.0857026 0.2853511 0.4619223 4.7646889 0.9426398 1.0150225 0.2132959 0.5069585 5.8105383 0.4303841 0.9221697 5.9963797 0.9570104 5.1529000 0.1643367 0.9385620 1.1459302 4.7300310 0.3932837 1.2963445 0.3849514 5.4595233 0.3390846 0.9267063 1.4086379 1.3424458 4.6029032 0.3814031 0.1597047 4.6491847 4.7899216 0.3645984 0.9403622 0.2024673 4.8563542 0.4124980 1.1270338 0.1773883 1.3684743 0.4277578 
bd_Bradi1g05570     0.9698891 1.2084536 1.2722334 5.2191009 6.0428663 1.0379107 0.9246482 6.2357077 0.9633551 6.2224649 1.1421426 1.0640654 1.3054893 5.5248931 0.9265601 0.8994619 0.6814826 0.8502597 1.1314683 0.0000000 6.5716532 1.2025017 1.3746133 6.3534142 1.2159860 1.3105831 1.3063140 0.9116657 6.2506268 0.9984611 6.2736490 0.9301636 6.1396117 1.3063140 0.9984611 1.2925323 1.2098637 0.9742582 1.1105695 1.1087536 1.3302424 1.6497337 6.3651462 0.9826676 0.9549220 1.2793487 0.9175507 1.1955822 5.9022952 5.9200057 1.3007718 7.8819802 1.2233912 5.6180355 1.5131394 6.0903013 1.2158396 1.4768697 6.0030766 1.3575867 1.4657033 6.6102591 6.2167121 1.0301036 1.1743486 5.9256566 1.1696662 1.3061258 6.0861584 1.2512629 1.9005221 1.8193649 2.3329038 1.3189883 1.1539237 1.0065907 1.5826262 0.6954818 0.9141870 0.8789921 5.6500486 1.2987950 0.3739396 0.9263573 1.2904586 5.9353736 1.2428550 1.4427982 5.7353633 1.4660127 6.6441459 0.9884669 1.4705984 1.2843279 6.0563917 0.8853895 0.6290083 0.9812426 6.6521571 0.9378201 1.4020867 1.6052505 0.7012734 5.9324326 0.8807124 0.9812271 5.9646896 6.1293984 0.9634533 1.4429586 1.0501784 5.9782628 0.8913030 1.2006562 0.9588777 0.6981174 0.8293483 
bd_Bradi3g02520     5.3432240 5.8924250 5.8002901 1.1804623 0.6264135 5.5668236 5.8145214 0.5865853 5.2115684 0.5803368 5.9793776 5.5718908 5.6714286 1.2130736 5.7899229 5.6910488 6.4251515 6.4367536 5.1827662 6.5716532 0.0000000 5.2413889 7.7276163 0.6617066 5.9095961 5.8274805 5.8176453 5.1647965 0.6224976 5.6747017 0.5986819 5.2435490 0.6180977 5.8176453 5.6747017 5.8048870 5.8522422 6.1231372 6.4939149 5.6150851 5.8763456 5.3629164 0.5824640 6.1864348 5.1800745 5.8872019 5.8207527 5.6886702 0.4832527 0.5182668 5.0609628 1.8993066 5.4632330 0.7222156 6.2023780 0.7031144 5.4846961 6.0016150 0.7319796 5.4644476 6.0274095 0.8237765 0.6375570 5.2160372 5.4393703 0.6410275 5.3327995 5.6409173 0.6828354 5.5869271 6.8893254 8.3935855 7.9251416 5.6748285 5.8319005 5.8677675 5.8746539 7.4798757 5.8008766 6.4575569 0.1160335 5.6676490 6.2215338 5.6872743 5.4356509 0.6868258 5.4749408 5.3709998 0.7251627 5.9194602 0.4434556 5.5692298 5.4577377 5.6334051 0.1407158 5.9002914 6.2850530 5.8583889 0.3921371 5.6742931 5.2558568 6.7551963 6.0428553 0.1110712 5.8446259 5.4668268 0.1390771 0.4122072 5.9355406 5.4138133 5.4007887 0.1799013 6.0870364 5.7199367 5.5997889 5.7258985 6.3134014 
bd_Bradi2g25870     1.0080674 1.3171939 0.5592094 4.6676667 4.8990056 1.0177569 0.9433269 5.2267898 1.0010888 5.0766855 1.2701853 1.0036723 0.5453822 4.8433505 0.9451904 0.9599678 1.1970043 0.8963170 0.9800037 1.2025017 5.2413889 0.0000000 1.7306586 5.2792885 1.4142779 0.5271039 0.5282622 1.0261500 5.4433679 0.9932615 5.2282243 1.0165215 5.3546531 0.5282622 0.9932615 0.5265384 1.4073511 1.0015991 1.0529171 1.0550465 0.5527378 1.3354035 5.4012471 1.0367149 1.0119473 0.5678818 0.9350641 1.2606097 4.6974513 4.6627101 1.2751695 6.9571451 1.0967215 5.1628895 0.6472970 4.6349570 1.1077274 0.6729696 5.0803450 1.3473095 0.6546320 4.8802072 5.2977249 1.0424368 1.0972932 5.1870378 1.1071622 1.2085527 5.3142031 1.3026147 1.8425838 1.8476390 1.8123395 0.4910821 1.1011663 0.9732656 1.8871073 1.3725746 0.9414490 0.8863823 4.8259122 0.1850344 1.3023997 1.0258335 1.0529411 4.8565183 1.1024144 1.1472022 4.3536055 0.6525070 4.4254746 0.9380042 0.2444712 1.4590700 4.8329863 0.9944577 1.2952887 0.9515245 4.7504936 0.9345297 0.2226421 1.6247763 1.4344453 4.7768596 0.9214604 0.9161279 4.8006391 4.4976529 0.9403237 0.2262142 0.9446217 4.6816996 0.9655536 1.4752330 0.9347536 1.4526781 0.9471001 
bd_Bradi4g15160     1.6030405 1.7219876 1.5947526 6.2097667 7.8920884 1.6423894 1.6180917 8.7040562 1.6012832 8.3170924 1.5476167 1.6906720 1.6099673 5.6695576 1.6112244 1.4250711 1.0648149 1.4741292 1.4253066 1.3746133 7.7276163 1.7306586 0.0000000 8.7277228 1.5966021 1.6595652 1.6627823 1.6285798 8.3004485 1.6383202 8.7490474 1.6816745 8.1762572 1.6627823 1.6383202 1.6575359 1.6158132 1.6213539 1.7458935 1.6424594 1.9736707 2.1863410 7.4913895 1.6770327 1.6555504 1.6239038 1.6710404 1.6071819 8.2658737 7.9732817 1.7551508 8.7325726 1.4971690 7.6325717 1.7686333 7.9621910 1.4774082 1.8205903 8.3841171 1.8226049 1.8310134 8.7414357 8.5579146 1.4770649 1.4607212 8.4247213 1.5060181 1.9021537 8.2609914 1.9312045 2.3276253 2.7506647 2.1254153 1.9328262 1.7220750 1.6303410 0.4031128 1.3651128 1.5023705 1.5163767 6.9021695 1.6273573 1.4816136 1.6629493 1.5242136 7.4279230 1.4614969 1.9203746 8.4719947 1.7941501 6.2840134 1.4973805 1.7449776 0.5471778 7.1994327 1.5952870 1.2987785 1.4491730 6.5741173 1.4548611 1.7243738 0.4143562 1.4173078 7.0391006 1.5533171 1.4993681 7.0907068 6.1744265 1.4774005 1.7129850 1.5684220 6.7287418 1.6033650 0.5937995 1.5066431 1.4462145 1.6108371 
bo_Bo2g132200       5.0276236 6.3387506 6.4983981 0.6724021 0.1154315 5.2834860 5.1311607 0.0551006 4.8900722 0.0612572 6.8593382 5.2088530 6.3378275 0.7988491 5.0958068 5.2206850 5.7532441 5.4194146 5.4906736 6.3534142 0.6617066 5.2792885 8.7277228 0.0000000 6.2068453 6.5577975 6.5667819 4.8559556 0.0422351 5.5326847 0.0240363 4.8866163 0.0362037 6.5667819 5.5326847 6.5510308 6.1664862 5.4429505 5.5202576 5.4038601 5.9841254 6.5691418 0.5980996 5.5196349 5.0110167 6.5908780 5.0823026 6.2937585 0.1582892 0.3098409 5.4167707 1.4321043 5.7890788 0.4764215 6.0989829 0.5892553 5.9732313 5.8159388 0.4327835 5.5642106 5.8437254 0.6716485 0.4538819 4.9995514 5.7905312 0.4510599 5.6838064 5.5545560 0.4980028 5.8837015 6.7825717 7.2713671 8.3976577 5.9831064 5.4971692 5.1870306 7.0281673 7.2410205 5.3813438 5.4555516 0.5874978 6.0513333 6.5813027 5.2487621 6.1341411 0.5102663 5.8478413 5.7949187 0.6258130 5.8500768 0.7214851 4.7963059 5.8757739 6.8471320 0.5172558 5.2331848 5.5631903 5.5574500 0.6717123 5.2708714 5.9133823 7.9334909 5.9204058 0.5435354 5.3420762 4.7579320 0.5428206 0.6562117 5.7070240 5.8478515 5.0747158 0.5336767 5.4339715 7.4843157 4.8412442 5.5144185 5.3579376 
bo_Bo1g057620       0.8903069 0.4757499 1.2417589 5.9347147 5.5956156 0.9173603 0.8484586 6.0154436 0.8658157 6.0011078 0.3251008 0.9355427 1.2653327 6.1788904 0.8253674 0.8403102 1.1925984 0.8124623 0.8636867 1.2159860 5.9095961 1.4142779 1.5966021 6.2068453 0.0000000 1.2571113 1.2378655 0.8217475 5.9866654 0.8483036 6.0993670 0.8248036 5.9088114 1.2378655 0.8483036 1.2511559 0.0219072 0.8556893 0.8831100 0.8099352 1.4510579 1.3687055 5.7735990 0.9049519 0.8392198 1.2536828 0.8219857 0.3170982 5.7447624 5.5685231 1.1136390 7.8440517 0.9510039 5.9108371 1.4770162 5.5735362 0.8629573 1.4171349 5.8382194 1.0056070 1.4254720 5.9966986 6.1519990 0.7912291 0.9147344 6.0003117 0.9193548 1.0786348 5.4957555 1.2493235 1.5976534 1.8414003 1.5875351 1.3321813 0.8238662 0.7747390 1.3972988 1.0490093 0.8674005 0.7713698 5.5839076 1.4545030 1.0833814 0.9280063 0.9371202 6.0059568 0.9653696 1.1382583 6.0473024 1.3996872 5.7506028 0.8242708 1.6686579 1.1821455 5.3844017 0.8815887 1.2844640 0.8580133 6.1164043 0.8101668 1.6473521 1.5882810 1.3548116 5.3016125 0.8861342 0.8346947 5.2654830 5.9061339 0.8756031 1.6344418 0.8645031 5.4220069 0.8328008 1.3053870 0.8107166 1.4620005 0.8381530 
bo_Bo7g103760       1.0269523 1.0694308 0.0438993 5.9163771 6.4607757 1.1280185 0.9224887 6.6105514 0.9981911 6.5663321 1.0369113 1.1166895 0.0500847 6.2945017 0.9244344 0.7892790 1.3583619 0.8441791 0.6965067 1.3105831 5.8274805 0.5271039 1.6595652 6.5577975 1.2571113 0.0000000 0.0107575 0.9886409 6.9860335 0.9235318 6.6844116 0.9766248 6.8969386 0.0107575 0.9235318 0.0053659 1.2377901 0.9521706 1.0947571 1.0388637 0.5661929 1.2633452 6.1732737 1.0283884 0.9742556 0.0494891 0.9444349 1.0846183 5.7370678 5.5575613 1.1590296 8.4050751 0.8821146 6.2819733 0.4771482 5.8736530 0.9062144 0.4603711 6.6786594 1.2765794 0.4457328 7.0746628 7.1242546 0.9619022 0.9258579 7.1564405 0.9142687 1.1820141 6.7165602 1.4055257 1.8202759 1.7000227 1.7009187 0.5586876 1.0576628 1.0077600 1.9186653 1.3223059 0.7827065 0.8453551 5.3953550 0.5843497 1.4738625 0.9658973 0.9241490 6.6965057 0.8703196 1.1116127 5.9995907 0.4535203 5.0289382 0.8446262 0.5662151 1.2972213 5.5097476 0.8305761 1.5430479 0.8494727 5.4599986 0.8496616 0.5323747 1.6325232 1.5118722 5.4739254 0.7620608 0.8092045 5.5062207 5.1244356 0.8775853 0.5441014 0.8762660 5.3256467 0.8118367 1.3926827 0.8383616 1.5690759 0.8724570 
bo_Bo8g040670       1.0294256 1.0981377 0.0438118 5.9397443 6.4697865 1.1306287 0.9249897 6.6196016 1.0006544 6.5753943 1.0649601 1.1192927 0.0445038 6.3032605 0.9269267 0.7917230 1.3421432 0.8466216 0.6863589 1.3063140 5.8176453 0.5282622 1.6627823 6.5667819 1.2378655 0.0107575 0.0000000 0.9779602 6.9956887 0.9260414 6.6935091 0.9659870 6.9065103 0.0000010 0.9260414 0.0053567 1.2187128 0.9546822 1.0931636 1.0413690 0.5746958 1.2656217 6.1626489 1.0309274 0.9619441 0.0493888 0.9469498 1.1052778 5.7446867 5.5646975 1.1703340 8.3256687 0.8845555 6.2707109 0.4681683 5.8633291 0.9052143 0.4586082 6.6668865 1.2883866 0.4440292 7.0624986 7.1119616 0.9675957 0.9283216 7.1440638 0.9040373 1.1934008 6.7047696 1.4083114 1.8173223 1.6971903 1.7067620 0.5491541 1.0462916 1.0064147 1.9221876 1.2905050 0.7919661 0.8356017 5.3855771 0.5867138 1.4519831 0.9683626 0.9230836 6.6849650 0.8727437 1.1227632 5.9891132 0.4517789 5.0202937 0.8470168 0.5684992 1.2835367 5.5001271 0.8329998 1.5378926 0.8519573 5.4507472 0.8521583 0.5346110 1.6356990 1.5068519 5.4644189 0.7644697 0.8115872 5.4966361 5.1153954 0.8800715 0.5463631 0.8786540 5.3165915 0.8142580 1.3783203 0.8407461 1.5638302 0.8748876 
bo_Bo4g097050       0.0315239 0.8816136 0.9588747 4.8457687 4.4886747 0.2337793 0.1934266 4.9018718 0.0373519 4.8947380 0.7551107 0.2411375 0.9647256 5.2213038 0.2016255 0.3693284 0.9410795 0.3767462 0.4194492 0.9116657 5.1647965 1.0261500 1.6285798 4.8559556 0.8217475 0.9886409 0.9779602 0.0000000 4.9195180 0.2764864 4.9394695 0.0104428 4.8854161 0.9779602 0.2764864 0.9743512 0.8170822 0.2107084 0.3674781 0.3020930 1.0671923 1.1677546 5.9238241 0.2479884 0.0484923 0.9663251 0.2082091 0.8348173 4.6662533 4.4494770 0.9582276 6.6558065 0.3163551 5.2863425 1.1361757 5.2818235 0.3535471 1.0756091 5.1385343 1.0930899 1.0608498 5.7772773 5.6603851 0.3243085 0.3015527 5.3124438 0.2903189 1.0984074 4.9038740 1.0017502 0.8292730 1.0536036 1.0631738 0.9867349 0.3113526 0.3041118 1.4916058 0.8254296 0.3780884 0.3677924 4.7751060 1.0620093 0.8828379 0.3923383 0.4000863 5.2417691 0.3457754 1.0271502 5.1043920 1.0981039 5.1838554 0.3466046 1.1787195 1.1697872 4.5483805 0.3712124 1.0235608 0.4449527 5.2089207 0.4165626 1.1615912 1.6255445 1.0223785 4.5381272 0.3865800 0.3659093 4.5557420 5.0866075 0.4149424 1.1783469 0.3573615 4.9538125 0.4166269 1.1238945 0.3417377 1.0522662 0.3705844 
bo_Bo9g069310       5.0944321 6.2961957 6.9425085 0.6672917 0.1268084 5.5628199 5.1687751 0.0467699 4.9546037 0.0541814 6.5202436 5.4839541 6.7668958 0.7919131 5.1332474 5.2762921 5.4840706 5.5677391 5.5521968 6.2506268 0.6224976 5.4433679 8.3004485 0.0422351 5.9866654 6.9860335 6.9956887 4.9195180 0.0000000 5.5920028 0.0535957 4.9505126 0.0171234 6.9956887 5.5920028 6.9786508 5.9495174 5.5075875 5.8273776 5.6926405 6.1143425 6.4226964 0.5645115 5.7961440 5.0771627 7.0374927 5.1256334 6.1152165 0.1629091 0.2975117 5.3016784 1.4371794 6.1174319 0.4258653 6.3053769 0.5624863 6.3268385 6.0162507 0.3908811 5.2813352 6.0430399 0.6502182 0.4042471 5.2018921 6.1172706 0.4061543 6.0030035 5.2712013 0.4329742 5.6334291 6.7622473 8.1645285 8.9999989 6.1879236 5.8019961 5.4682094 6.5861388 7.0639011 5.4974624 5.6072655 0.5602816 6.2464660 6.4056676 5.3917707 6.5037517 0.4567479 6.1856391 5.6336788 0.6146280 6.0520752 0.6605672 4.8516450 6.0009879 6.7314103 0.5009947 5.3736009 5.3394342 5.6795860 0.6141775 5.3829867 6.0398913 7.5657738 5.7219990 0.5266037 5.4875709 4.8124795 0.5259861 0.6000533 5.8328636 6.0470286 5.1322362 0.5153675 5.5806742 7.2273931 4.8522006 5.3063361 5.5040953 
bo_Bo2g100640       0.2432389 0.8798674 0.9216490 5.0737958 5.3198495 0.1408747 0.1411202 5.5401007 0.2442032 5.5281563 0.7905177 0.1396876 0.9274476 5.4550813 0.1393928 0.3945332 1.0453654 0.3825221 0.5355864 0.9984611 5.6747017 0.9932615 1.6383202 5.5326847 0.8483036 0.9235318 0.9260414 0.2764864 5.5920028 0.0000000 5.5947274 0.2859210 5.5534428 0.9260414 0.0000010 0.9224154 0.8434901 0.1273638 0.3874920 0.3046615 0.9442183 1.2002822 5.7803736 0.1040421 0.2782124 0.9365552 0.1509106 0.8821819 5.6995251 5.3589973 0.9687455 6.8585995 0.3526547 5.1835307 1.1078978 5.9759017 0.4039322 1.0421274 5.7646167 1.0315319 1.0275447 6.6430040 5.5221948 0.3655315 0.3441822 5.5322975 0.3514974 0.9926686 4.9871480 1.1215465 0.9807006 1.1131206 1.0792997 0.9118372 0.3097961 0.3923179 1.5361285 1.0150279 0.3324926 0.3906658 5.3881981 0.9640704 0.9213634 0.5149589 0.4271771 5.2103190 0.3700556 0.9674081 5.6767436 1.0629256 5.7942066 0.3869827 1.1210692 1.3478886 5.1584472 0.3709390 1.1775888 0.3925537 5.5961815 0.3535266 1.0940031 1.4989697 1.2392419 5.1399860 0.3828485 0.4101026 5.1671393 5.6021185 0.3732510 1.0930948 0.4447784 5.5795449 0.4073734 1.2339733 0.3924357 1.1161620 0.3608141 
br_Brara.B02945     5.1148059 6.2121064 6.6250756 0.6244214 0.1131448 5.5635902 5.1893614 0.0664632 4.9747484 0.0725672 6.6035313 5.4850785 6.4616503 0.7433792 5.1538581 5.2698917 5.9620942 5.5751946 5.4991843 6.2736490 0.5986819 5.2282243 8.7490474 0.0240363 6.0993670 6.6844116 6.6935091 4.9394695 0.0535957 5.5947274 0.0000000 4.9704679 0.0476328 6.6935091 5.5947274 6.6775208 6.0605950 5.5041817 5.5827111 5.5249023 5.8851539 6.4135730 0.5663210 5.8124184 5.0973942 6.7175013 5.1400592 6.1861810 0.1790529 0.2850249 5.3064768 1.4714978 5.9221274 0.4492628 5.9947196 0.5723695 6.0409295 5.7202436 0.3903588 5.2861712 5.7479402 0.6447701 0.4192215 5.0572593 5.7110166 0.4166241 5.6074216 5.2760931 0.4684759 5.6634003 6.6286391 7.6684689 8.6990966 5.8820993 5.6237393 5.2467122 6.9108749 7.1768341 5.4432349 5.6148024 0.5370767 5.9769027 6.4771193 5.3456471 6.2033177 0.4739537 5.9839394 5.6349316 0.6067712 5.7529513 0.6897466 4.8084738 5.7367222 6.9599546 0.4786449 5.3827476 5.5484083 5.6218219 0.6313358 5.3310404 5.7721594 7.9846464 5.8540666 0.5038300 5.4968387 4.7701429 0.5033301 0.6254761 5.7727136 5.7806323 5.0856220 0.4927377 5.5898501 7.6072995 4.8031967 5.5041441 5.5115821 
br_Brara.D00010     0.0428141 0.8869793 0.9469542 4.8795515 4.5173901 0.2428069 0.1923074 4.9328675 0.0371029 4.9256330 0.7598071 0.2502517 0.9527646 5.2790135 0.2004696 0.3675723 0.9664130 0.3750101 0.4174622 0.9301636 5.2435490 1.0165215 1.6816745 4.8866163 0.8248036 0.9766248 0.9659870 0.0104428 4.9505126 0.2859210 4.9704679 0.0000000 4.9162280 0.9659870 0.2859210 0.9623826 0.8200925 0.2095333 0.3657017 0.3005924 1.0572243 1.1504272 6.0172170 0.2569432 0.0481739 0.9543667 0.2070273 0.8398495 4.7055378 4.4859270 0.9826525 6.7627202 0.3132837 5.3585050 1.1232439 5.3658197 0.3517385 1.0630166 5.2082344 1.1023289 1.0483265 5.8682760 5.7372425 0.3227198 0.2985203 5.3835816 0.2873223 1.1076604 4.9693618 0.9856330 0.8265237 1.0508499 1.0569684 0.9772331 0.3098159 0.3025245 1.5400314 0.8567768 0.3763233 0.3660789 4.8483892 1.0594772 0.9010953 0.3905277 0.3981792 5.3104368 0.3427094 1.0529655 5.1700127 1.0854525 5.2304004 0.3449395 1.1762145 1.2101768 4.6008654 0.3694592 1.0504885 0.4417140 5.2557878 0.4146902 1.1590768 1.6782168 1.0489589 4.6071145 0.3847902 0.3568520 4.6249642 5.1333953 0.4117955 1.1758314 0.3556414 5.0285398 0.4147723 1.1455533 0.3400784 1.0729744 0.3688615 
br_Brara.I01977     5.0585571 6.2879211 6.8530265 0.6680151 0.1065695 5.5224377 5.1320470 0.0590399 4.9199747 0.0668092 6.5009012 5.4441785 6.6793247 0.7912969 5.0967105 5.2401246 5.4033812 5.4729633 5.4577688 6.1396117 0.6180977 5.3546531 8.1762572 0.0362037 5.9088114 6.8969386 6.9065103 4.8854161 0.0171234 5.5534428 0.0476328 4.9162280 0.0000000 6.9065103 5.5534428 6.8896363 5.8724339 5.4697905 5.7839877 5.6551342 6.0801994 6.3970709 0.5778673 5.7560917 5.0416470 6.9481837 5.0892920 6.0970416 0.1701132 0.2949057 5.2413042 1.4672662 6.0753377 0.4374795 6.1980350 0.5759028 6.2774346 5.9118619 0.3944667 5.2216241 5.9392128 0.6637695 0.4079603 5.1640556 6.0735511 0.4098940 5.9601544 5.2113693 0.4553068 5.5895239 6.6924514 8.0962123 8.9221267 6.0813071 5.7625003 5.4280389 6.4943287 7.0102494 5.4018825 5.5103324 0.5617486 6.1411300 6.3565250 5.3009140 6.4522208 0.4609068 6.1423743 5.5697955 0.6210815 5.9468406 0.6689917 4.7711682 5.9006984 6.6555090 0.5024079 5.2843836 5.2599158 5.5790094 0.6222220 5.2907202 5.9385497 7.5619713 5.5981975 0.5280456 5.3952016 4.7333492 0.5274205 0.6079105 5.7291959 5.9462604 5.0469100 0.5167996 5.4875763 7.2213387 4.7717400 5.2143342 5.4106776 
